Time (a-t-u) 	 x (a-l-u) 	 y (a-l-u)
0.000e+00	1.000e+00	0.000e+00
2.454e-02	9.997e-01	2.454e-02
4.909e-02	9.988e-01	4.907e-02
7.363e-02	9.973e-01	7.356e-02
9.817e-02	9.952e-01	9.802e-02
1.227e-01	9.925e-01	1.224e-01
1.473e-01	9.892e-01	1.467e-01
1.718e-01	9.853e-01	1.710e-01
1.963e-01	9.808e-01	1.951e-01
2.209e-01	9.757e-01	2.191e-01
2.454e-01	9.700e-01	2.430e-01
2.700e-01	9.638e-01	2.667e-01
2.945e-01	9.569e-01	2.903e-01
3.191e-01	9.495e-01	3.137e-01
3.436e-01	9.415e-01	3.369e-01
3.682e-01	9.330e-01	3.599e-01
3.927e-01	9.239e-01	3.827e-01
4.172e-01	9.142e-01	4.052e-01
4.418e-01	9.040e-01	4.276e-01
4.663e-01	8.932e-01	4.496e-01
4.909e-01	8.819e-01	4.714e-01
5.154e-01	8.701e-01	4.929e-01
5.400e-01	8.577e-01	5.141e-01
5.645e-01	8.449e-01	5.350e-01
5.890e-01	8.315e-01	5.556e-01
6.136e-01	8.176e-01	5.758e-01
6.381e-01	8.032e-01	5.957e-01
6.627e-01	7.883e-01	6.152e-01
6.872e-01	7.730e-01	6.344e-01
7.118e-01	7.572e-01	6.532e-01
7.363e-01	7.410e-01	6.716e-01
7.609e-01	7.242e-01	6.895e-01
7.854e-01	7.071e-01	7.071e-01
8.099e-01	6.895e-01	7.242e-01
8.345e-01	6.716e-01	7.410e-01
8.590e-01	6.532e-01	7.572e-01
8.836e-01	6.344e-01	7.730e-01
9.081e-01	6.152e-01	7.883e-01
9.327e-01	5.957e-01	8.032e-01
9.572e-01	5.758e-01	8.176e-01
9.817e-01	5.556e-01	8.315e-01
1.006e+00	5.350e-01	8.449e-01
1.031e+00	5.141e-01	8.577e-01
1.055e+00	4.929e-01	8.701e-01
1.080e+00	4.714e-01	8.819e-01
1.104e+00	4.496e-01	8.932e-01
1.129e+00	4.276e-01	9.040e-01
1.154e+00	4.052e-01	9.142e-01
1.178e+00	3.827e-01	9.239e-01
1.203e+00	3.599e-01	9.330e-01
1.227e+00	3.369e-01	9.415e-01
1.252e+00	3.137e-01	9.495e-01
1.276e+00	2.903e-01	9.569e-01
1.301e+00	2.667e-01	9.638e-01
1.325e+00	2.430e-01	9.700e-01
1.350e+00	2.191e-01	9.757e-01
1.374e+00	1.951e-01	9.808e-01
1.399e+00	1.710e-01	9.853e-01
1.424e+00	1.467e-01	9.892e-01
1.448e+00	1.224e-01	9.925e-01
1.473e+00	9.802e-02	9.952e-01
1.497e+00	7.356e-02	9.973e-01
1.522e+00	4.907e-02	9.988e-01
1.546e+00	2.454e-02	9.997e-01
1.571e+00	1.171e-15	1.000e+00
1.595e+00	-2.454e-02	9.997e-01
1.620e+00	-4.907e-02	9.988e-01
1.644e+00	-7.356e-02	9.973e-01
1.669e+00	-9.802e-02	9.952e-01
1.694e+00	-1.224e-01	9.925e-01
1.718e+00	-1.467e-01	9.892e-01
1.743e+00	-1.710e-01	9.853e-01
1.767e+00	-1.951e-01	9.808e-01
1.792e+00	-2.191e-01	9.757e-01
1.816e+00	-2.430e-01	9.700e-01
1.841e+00	-2.667e-01	9.638e-01
1.865e+00	-2.903e-01	9.569e-01
1.890e+00	-3.137e-01	9.495e-01
1.914e+00	-3.369e-01	9.415e-01
1.939e+00	-3.599e-01	9.330e-01
1.963e+00	-3.827e-01	9.239e-01
1.988e+00	-4.052e-01	9.142e-01
2.013e+00	-4.276e-01	9.040e-01
2.037e+00	-4.496e-01	8.932e-01
2.062e+00	-4.714e-01	8.819e-01
2.086e+00	-4.929e-01	8.701e-01
2.111e+00	-5.141e-01	8.577e-01
2.135e+00	-5.350e-01	8.449e-01
2.160e+00	-5.556e-01	8.315e-01
2.184e+00	-5.758e-01	8.176e-01
2.209e+00	-5.957e-01	8.032e-01
2.233e+00	-6.152e-01	7.883e-01
2.258e+00	-6.344e-01	7.730e-01
2.283e+00	-6.532e-01	7.572e-01
2.307e+00	-6.716e-01	7.410e-01
2.332e+00	-6.895e-01	7.242e-01
2.356e+00	-7.071e-01	7.071e-01
2.381e+00	-7.242e-01	6.895e-01
2.405e+00	-7.410e-01	6.716e-01
2.430e+00	-7.572e-01	6.532e-01
2.454e+00	-7.730e-01	6.344e-01
2.479e+00	-7.883e-01	6.152e-01
2.503e+00	-8.032e-01	5.957e-01
2.528e+00	-8.176e-01	5.758e-01
2.553e+00	-8.315e-01	5.556e-01
2.577e+00	-8.449e-01	5.350e-01
2.602e+00	-8.577e-01	5.141e-01
2.626e+00	-8.701e-01	4.929e-01
2.651e+00	-8.819e-01	4.714e-01
2.675e+00	-8.932e-01	4.496e-01
2.700e+00	-9.040e-01	4.276e-01
2.724e+00	-9.142e-01	4.052e-01
2.749e+00	-9.239e-01	3.827e-01
2.773e+00	-9.330e-01	3.599e-01
2.798e+00	-9.415e-01	3.369e-01
2.823e+00	-9.495e-01	3.137e-01
2.847e+00	-9.569e-01	2.903e-01
2.872e+00	-9.638e-01	2.667e-01
2.896e+00	-9.700e-01	2.430e-01
2.921e+00	-9.757e-01	2.191e-01
2.945e+00	-9.808e-01	1.951e-01
2.970e+00	-9.853e-01	1.710e-01
2.994e+00	-9.892e-01	1.467e-01
3.019e+00	-9.925e-01	1.224e-01
3.043e+00	-9.952e-01	9.802e-02
3.068e+00	-9.973e-01	7.356e-02
3.093e+00	-9.988e-01	4.907e-02
3.117e+00	-9.997e-01	2.454e-02
3.142e+00	-1.000e+00	6.340e-15
3.166e+00	-9.997e-01	-2.454e-02
3.191e+00	-9.988e-01	-4.907e-02
3.215e+00	-9.973e-01	-7.356e-02
3.240e+00	-9.952e-01	-9.802e-02
3.264e+00	-9.925e-01	-1.224e-01
3.289e+00	-9.892e-01	-1.467e-01
3.313e+00	-9.853e-01	-1.710e-01
3.338e+00	-9.808e-01	-1.951e-01
3.362e+00	-9.757e-01	-2.191e-01
3.387e+00	-9.700e-01	-2.430e-01
3.412e+00	-9.638e-01	-2.667e-01
3.436e+00	-9.569e-01	-2.903e-01
3.461e+00	-9.495e-01	-3.137e-01
3.485e+00	-9.415e-01	-3.369e-01
3.510e+00	-9.330e-01	-3.599e-01
3.534e+00	-9.239e-01	-3.827e-01
3.559e+00	-9.142e-01	-4.052e-01
3.583e+00	-9.040e-01	-4.276e-01
3.608e+00	-8.932e-01	-4.496e-01
3.632e+00	-8.819e-01	-4.714e-01
3.657e+00	-8.701e-01	-4.929e-01
3.682e+00	-8.577e-01	-5.141e-01
3.706e+00	-8.449e-01	-5.350e-01
3.731e+00	-8.315e-01	-5.556e-01
3.755e+00	-8.176e-01	-5.758e-01
3.780e+00	-8.032e-01	-5.957e-01
3.804e+00	-7.883e-01	-6.152e-01
3.829e+00	-7.730e-01	-6.344e-01
3.853e+00	-7.572e-01	-6.532e-01
3.878e+00	-7.410e-01	-6.716e-01
3.902e+00	-7.242e-01	-6.895e-01
3.927e+00	-7.071e-01	-7.071e-01
3.952e+00	-6.895e-01	-7.242e-01
3.976e+00	-6.716e-01	-7.410e-01
4.001e+00	-6.532e-01	-7.572e-01
4.025e+00	-6.344e-01	-7.730e-01
4.050e+00	-6.152e-01	-7.883e-01
4.074e+00	-5.957e-01	-8.032e-01
4.099e+00	-5.758e-01	-8.176e-01
4.123e+00	-5.556e-01	-8.315e-01
4.148e+00	-5.350e-01	-8.449e-01
4.172e+00	-5.141e-01	-8.577e-01
4.197e+00	-4.929e-01	-8.701e-01
4.222e+00	-4.714e-01	-8.819e-01
4.246e+00	-4.496e-01	-8.932e-01
4.271e+00	-4.276e-01	-9.040e-01
4.295e+00	-4.052e-01	-9.142e-01
4.320e+00	-3.827e-01	-9.239e-01
4.344e+00	-3.599e-01	-9.330e-01
4.369e+00	-3.369e-01	-9.415e-01
4.393e+00	-3.137e-01	-9.495e-01
4.418e+00	-2.903e-01	-9.569e-01
4.442e+00	-2.667e-01	-9.638e-01
4.467e+00	-2.430e-01	-9.700e-01
4.491e+00	-2.191e-01	-9.757e-01
4.516e+00	-1.951e-01	-9.808e-01
4.541e+00	-1.710e-01	-9.853e-01
4.565e+00	-1.467e-01	-9.892e-01
4.590e+00	-1.224e-01	-9.925e-01
4.614e+00	-9.802e-02	-9.952e-01
4.639e+00	-7.356e-02	-9.973e-01
4.663e+00	-4.907e-02	-9.988e-01
4.688e+00	-2.454e-02	-9.997e-01
4.712e+00	-1.173e-14	-1.000e+00
4.737e+00	2.454e-02	-9.997e-01
4.761e+00	4.907e-02	-9.988e-01
4.786e+00	7.356e-02	-9.973e-01
4.811e+00	9.802e-02	-9.952e-01
4.835e+00	1.224e-01	-9.925e-01
4.860e+00	1.467e-01	-9.892e-01
4.884e+00	1.710e-01	-9.853e-01
4.909e+00	1.951e-01	-9.808e-01
4.933e+00	2.191e-01	-9.757e-01
4.958e+00	2.430e-01	-9.700e-01
4.982e+00	2.667e-01	-9.638e-01
5.007e+00	2.903e-01	-9.569e-01
5.031e+00	3.137e-01	-9.495e-01
5.056e+00	3.369e-01	-9.415e-01
5.081e+00	3.599e-01	-9.330e-01
5.105e+00	3.827e-01	-9.239e-01
5.130e+00	4.052e-01	-9.142e-01
5.154e+00	4.276e-01	-9.040e-01
5.179e+00	4.496e-01	-8.932e-01
5.203e+00	4.714e-01	-8.819e-01
5.228e+00	4.929e-01	-8.701e-01
5.252e+00	5.141e-01	-8.577e-01
5.277e+00	5.350e-01	-8.449e-01
5.301e+00	5.556e-01	-8.315e-01
5.326e+00	5.758e-01	-8.176e-01
5.351e+00	5.957e-01	-8.032e-01
5.375e+00	6.152e-01	-7.883e-01
5.400e+00	6.344e-01	-7.730e-01
5.424e+00	6.532e-01	-7.572e-01
5.449e+00	6.716e-01	-7.410e-01
5.473e+00	6.895e-01	-7.242e-01
5.498e+00	7.071e-01	-7.071e-01
5.522e+00	7.242e-01	-6.895e-01
5.547e+00	7.410e-01	-6.716e-01
5.571e+00	7.572e-01	-6.532e-01
5.596e+00	7.730e-01	-6.344e-01
5.621e+00	7.883e-01	-6.152e-01
5.645e+00	8.032e-01	-5.957e-01
5.670e+00	8.176e-01	-5.758e-01
5.694e+00	8.315e-01	-5.556e-01
5.719e+00	8.449e-01	-5.350e-01
5.743e+00	8.577e-01	-5.141e-01
5.768e+00	8.701e-01	-4.929e-01
5.792e+00	8.819e-01	-4.714e-01
5.817e+00	8.932e-01	-4.496e-01
5.841e+00	9.040e-01	-4.276e-01
5.866e+00	9.142e-01	-4.052e-01
5.890e+00	9.239e-01	-3.827e-01
5.915e+00	9.330e-01	-3.599e-01
5.940e+00	9.415e-01	-3.369e-01
5.964e+00	9.495e-01	-3.137e-01
5.989e+00	9.569e-01	-2.903e-01
6.013e+00	9.638e-01	-2.667e-01
6.038e+00	9.700e-01	-2.430e-01
6.062e+00	9.757e-01	-2.191e-01
6.087e+00	9.808e-01	-1.951e-01
6.111e+00	9.853e-01	-1.710e-01
6.136e+00	9.892e-01	-1.467e-01
6.160e+00	9.925e-01	-1.224e-01
6.185e+00	9.952e-01	-9.802e-02
6.210e+00	9.973e-01	-7.356e-02
6.234e+00	9.988e-01	-4.907e-02
6.259e+00	9.997e-01	-2.454e-02
6.283e+00	1.000e+00	-1.712e-14
6.308e+00	9.997e-01	2.454e-02
6.332e+00	9.988e-01	4.907e-02
6.357e+00	9.973e-01	7.356e-02
6.381e+00	9.952e-01	9.802e-02
6.406e+00	9.925e-01	1.224e-01
6.430e+00	9.892e-01	1.467e-01
6.455e+00	9.853e-01	1.710e-01
6.480e+00	9.808e-01	1.951e-01
6.504e+00	9.757e-01	2.191e-01
6.529e+00	9.700e-01	2.430e-01
6.553e+00	9.638e-01	2.667e-01
6.578e+00	9.569e-01	2.903e-01
6.602e+00	9.495e-01	3.137e-01
6.627e+00	9.415e-01	3.369e-01
6.651e+00	9.330e-01	3.599e-01
6.676e+00	9.239e-01	3.827e-01
6.700e+00	9.142e-01	4.052e-01
6.725e+00	9.040e-01	4.276e-01
6.750e+00	8.932e-01	4.496e-01
6.774e+00	8.819e-01	4.714e-01
6.799e+00	8.701e-01	4.929e-01
6.823e+00	8.577e-01	5.141e-01
6.848e+00	8.449e-01	5.350e-01
6.872e+00	8.315e-01	5.556e-01
6.897e+00	8.176e-01	5.758e-01
6.921e+00	8.032e-01	5.957e-01
6.946e+00	7.883e-01	6.152e-01
6.970e+00	7.730e-01	6.344e-01
6.995e+00	7.572e-01	6.532e-01
7.019e+00	7.410e-01	6.716e-01
7.044e+00	7.242e-01	6.895e-01
7.069e+00	7.071e-01	7.071e-01
7.093e+00	6.895e-01	7.242e-01
7.118e+00	6.716e-01	7.410e-01
7.142e+00	6.532e-01	7.572e-01
7.167e+00	6.344e-01	7.730e-01
7.191e+00	6.152e-01	7.883e-01
7.216e+00	5.957e-01	8.032e-01
7.240e+00	5.758e-01	8.176e-01
7.265e+00	5.556e-01	8.315e-01
7.289e+00	5.350e-01	8.449e-01
7.314e+00	5.141e-01	8.577e-01
7.339e+00	4.929e-01	8.701e-01
7.363e+00	4.714e-01	8.819e-01
7.388e+00	4.496e-01	8.932e-01
7.412e+00	4.276e-01	9.040e-01
7.437e+00	4.052e-01	9.142e-01
7.461e+00	3.827e-01	9.239e-01
7.486e+00	3.599e-01	9.330e-01
7.510e+00	3.369e-01	9.415e-01
7.535e+00	3.137e-01	9.495e-01
7.559e+00	2.903e-01	9.569e-01
7.584e+00	2.667e-01	9.638e-01
7.609e+00	2.430e-01	9.700e-01
7.633e+00	2.191e-01	9.757e-01
7.658e+00	1.951e-01	9.808e-01
7.682e+00	1.710e-01	9.853e-01
7.707e+00	1.467e-01	9.892e-01
7.731e+00	1.224e-01	9.925e-01
7.756e+00	9.802e-02	9.952e-01
7.780e+00	7.356e-02	9.973e-01
7.805e+00	4.907e-02	9.988e-01
7.829e+00	2.454e-02	9.997e-01
7.854e+00	2.251e-14	1.000e+00
7.879e+00	-2.454e-02	9.997e-01
7.903e+00	-4.907e-02	9.988e-01
7.928e+00	-7.356e-02	9.973e-01
7.952e+00	-9.802e-02	9.952e-01
7.977e+00	-1.224e-01	9.925e-01
8.001e+00	-1.467e-01	9.892e-01
8.026e+00	-1.710e-01	9.853e-01
8.050e+00	-1.951e-01	9.808e-01
8.075e+00	-2.191e-01	9.757e-01
8.099e+00	-2.430e-01	9.700e-01
8.124e+00	-2.667e-01	9.638e-01
8.149e+00	-2.903e-01	9.569e-01
8.173e+00	-3.137e-01	9.495e-01
8.198e+00	-3.369e-01	9.415e-01
8.222e+00	-3.599e-01	9.330e-01
8.247e+00	-3.827e-01	9.239e-01
8.271e+00	-4.052e-01	9.142e-01
8.296e+00	-4.276e-01	9.040e-01
8.320e+00	-4.496e-01	8.932e-01
8.345e+00	-4.714e-01	8.819e-01
8.369e+00	-4.929e-01	8.701e-01
8.394e+00	-5.141e-01	8.577e-01
8.418e+00	-5.350e-01	8.449e-01
8.443e+00	-5.556e-01	8.315e-01
8.468e+00	-5.758e-01	8.176e-01
8.492e+00	-5.957e-01	8.032e-01
8.517e+00	-6.152e-01	7.883e-01
8.541e+00	-6.344e-01	7.730e-01
8.566e+00	-6.532e-01	7.572e-01
8.590e+00	-6.716e-01	7.410e-01
8.615e+00	-6.895e-01	7.242e-01
8.639e+00	-7.071e-01	7.071e-01
8.664e+00	-7.242e-01	6.895e-01
8.688e+00	-7.410e-01	6.716e-01
8.713e+00	-7.572e-01	6.532e-01
8.738e+00	-7.730e-01	6.344e-01
8.762e+00	-7.883e-01	6.152e-01
8.787e+00	-8.032e-01	5.957e-01
8.811e+00	-8.176e-01	5.758e-01
8.836e+00	-8.315e-01	5.556e-01
8.860e+00	-8.449e-01	5.350e-01
8.885e+00	-8.577e-01	5.141e-01
8.909e+00	-8.701e-01	4.929e-01
8.934e+00	-8.819e-01	4.714e-01
8.958e+00	-8.932e-01	4.496e-01
8.983e+00	-9.040e-01	4.276e-01
9.008e+00	-9.142e-01	4.052e-01
9.032e+00	-9.239e-01	3.827e-01
9.057e+00	-9.330e-01	3.599e-01
9.081e+00	-9.415e-01	3.369e-01
9.106e+00	-9.495e-01	3.137e-01
9.130e+00	-9.569e-01	2.903e-01
9.155e+00	-9.638e-01	2.667e-01
9.179e+00	-9.700e-01	2.430e-01
9.204e+00	-9.757e-01	2.191e-01
9.228e+00	-9.808e-01	1.951e-01
9.253e+00	-9.853e-01	1.710e-01
9.278e+00	-9.892e-01	1.467e-01
9.302e+00	-9.925e-01	1.224e-01
9.327e+00	-9.952e-01	9.802e-02
9.351e+00	-9.973e-01	7.356e-02
9.376e+00	-9.988e-01	4.907e-02
9.400e+00	-9.997e-01	2.454e-02
9.425e+00	-1.000e+00	-2.450e-14
9.449e+00	-9.997e-01	-2.454e-02
9.474e+00	-9.988e-01	-4.907e-02
9.498e+00	-9.973e-01	-7.356e-02
9.523e+00	-9.952e-01	-9.802e-02
9.547e+00	-9.925e-01	-1.224e-01
9.572e+00	-9.892e-01	-1.467e-01
9.597e+00	-9.853e-01	-1.710e-01
9.621e+00	-9.808e-01	-1.951e-01
9.646e+00	-9.757e-01	-2.191e-01
9.670e+00	-9.700e-01	-2.430e-01
9.695e+00	-9.638e-01	-2.667e-01
9.719e+00	-9.569e-01	-2.903e-01
9.744e+00	-9.495e-01	-3.137e-01
9.768e+00	-9.415e-01	-3.369e-01
9.793e+00	-9.330e-01	-3.599e-01
9.817e+00	-9.239e-01	-3.827e-01
9.842e+00	-9.142e-01	-4.052e-01
9.867e+00	-9.040e-01	-4.276e-01
9.891e+00	-8.932e-01	-4.496e-01
9.916e+00	-8.819e-01	-4.714e-01
9.940e+00	-8.701e-01	-4.929e-01
9.965e+00	-8.577e-01	-5.141e-01
9.989e+00	-8.449e-01	-5.350e-01
1.001e+01	-8.315e-01	-5.556e-01
1.004e+01	-8.176e-01	-5.758e-01
1.006e+01	-8.032e-01	-5.957e-01
1.009e+01	-7.883e-01	-6.152e-01
1.011e+01	-7.730e-01	-6.344e-01
1.014e+01	-7.572e-01	-6.532e-01
1.016e+01	-7.410e-01	-6.716e-01
1.019e+01	-7.242e-01	-6.895e-01
1.021e+01	-7.071e-01	-7.071e-01
1.023e+01	-6.895e-01	-7.242e-01
1.026e+01	-6.716e-01	-7.410e-01
1.028e+01	-6.532e-01	-7.572e-01
1.031e+01	-6.344e-01	-7.730e-01
1.033e+01	-6.152e-01	-7.883e-01
1.036e+01	-5.957e-01	-8.032e-01
1.038e+01	-5.758e-01	-8.176e-01
1.041e+01	-5.556e-01	-8.315e-01
1.043e+01	-5.350e-01	-8.449e-01
1.046e+01	-5.141e-01	-8.577e-01
1.048e+01	-4.929e-01	-8.701e-01
1.050e+01	-4.714e-01	-8.819e-01
1.053e+01	-4.496e-01	-8.932e-01
1.055e+01	-4.276e-01	-9.040e-01
1.058e+01	-4.052e-01	-9.142e-01
1.060e+01	-3.827e-01	-9.239e-01
1.063e+01	-3.599e-01	-9.330e-01
1.065e+01	-3.369e-01	-9.415e-01
1.068e+01	-3.137e-01	-9.495e-01
1.070e+01	-2.903e-01	-9.569e-01
1.073e+01	-2.667e-01	-9.638e-01
1.075e+01	-2.430e-01	-9.700e-01
1.077e+01	-2.191e-01	-9.757e-01
1.080e+01	-1.951e-01	-9.808e-01
1.082e+01	-1.710e-01	-9.853e-01
1.085e+01	-1.467e-01	-9.892e-01
1.087e+01	-1.224e-01	-9.925e-01
1.090e+01	-9.802e-02	-9.952e-01
1.092e+01	-7.356e-02	-9.973e-01
1.095e+01	-4.907e-02	-9.988e-01
1.097e+01	-2.454e-02	-9.997e-01
1.100e+01	7.595e-14	-1.000e+00
1.102e+01	2.454e-02	-9.997e-01
1.104e+01	4.907e-02	-9.988e-01
1.107e+01	7.356e-02	-9.973e-01
1.109e+01	9.802e-02	-9.952e-01
1.112e+01	1.224e-01	-9.925e-01
1.114e+01	1.467e-01	-9.892e-01
1.117e+01	1.710e-01	-9.853e-01
1.119e+01	1.951e-01	-9.808e-01
1.122e+01	2.191e-01	-9.757e-01
1.124e+01	2.430e-01	-9.700e-01
1.127e+01	2.667e-01	-9.638e-01
1.129e+01	2.903e-01	-9.569e-01
1.131e+01	3.137e-01	-9.495e-01
1.134e+01	3.369e-01	-9.415e-01
1.136e+01	3.599e-01	-9.330e-01
1.139e+01	3.827e-01	-9.239e-01
1.141e+01	4.052e-01	-9.142e-01
1.144e+01	4.276e-01	-9.040e-01
1.146e+01	4.496e-01	-8.932e-01
1.149e+01	4.714e-01	-8.819e-01
1.151e+01	4.929e-01	-8.701e-01
1.154e+01	5.141e-01	-8.577e-01
1.156e+01	5.350e-01	-8.449e-01
1.158e+01	5.556e-01	-8.315e-01
1.161e+01	5.758e-01	-8.176e-01
1.163e+01	5.957e-01	-8.032e-01
1.166e+01	6.152e-01	-7.883e-01
1.168e+01	6.344e-01	-7.730e-01
1.171e+01	6.532e-01	-7.572e-01
1.173e+01	6.716e-01	-7.410e-01
1.176e+01	6.895e-01	-7.242e-01
1.178e+01	7.071e-01	-7.071e-01
1.181e+01	7.242e-01	-6.895e-01
1.183e+01	7.410e-01	-6.716e-01
1.185e+01	7.572e-01	-6.532e-01
1.188e+01	7.730e-01	-6.344e-01
1.190e+01	7.883e-01	-6.152e-01
1.193e+01	8.032e-01	-5.957e-01
1.195e+01	8.176e-01	-5.758e-01
1.198e+01	8.315e-01	-5.556e-01
1.200e+01	8.449e-01	-5.350e-01
1.203e+01	8.577e-01	-5.141e-01
1.205e+01	8.701e-01	-4.929e-01
1.208e+01	8.819e-01	-4.714e-01
1.210e+01	8.932e-01	-4.496e-01
1.212e+01	9.040e-01	-4.276e-01
1.215e+01	9.142e-01	-4.052e-01
1.217e+01	9.239e-01	-3.827e-01
1.220e+01	9.330e-01	-3.599e-01
1.222e+01	9.415e-01	-3.369e-01
1.225e+01	9.495e-01	-3.137e-01
1.227e+01	9.569e-01	-2.903e-01
1.230e+01	9.638e-01	-2.667e-01
1.232e+01	9.700e-01	-2.430e-01
1.235e+01	9.757e-01	-2.191e-01
1.237e+01	9.808e-01	-1.951e-01
1.239e+01	9.853e-01	-1.710e-01
1.242e+01	9.892e-01	-1.467e-01
1.244e+01	9.925e-01	-1.224e-01
1.247e+01	9.952e-01	-9.802e-02
1.249e+01	9.973e-01	-7.356e-02
1.252e+01	9.988e-01	-4.907e-02
1.254e+01	9.997e-01	-2.454e-02
1.257e+01	1.000e+00	1.274e-13
1.259e+01	9.997e-01	2.454e-02
1.262e+01	9.988e-01	4.907e-02
1.264e+01	9.973e-01	7.356e-02
1.266e+01	9.952e-01	9.802e-02
1.269e+01	9.925e-01	1.224e-01
1.271e+01	9.892e-01	1.467e-01
1.274e+01	9.853e-01	1.710e-01
1.276e+01	9.808e-01	1.951e-01
1.279e+01	9.757e-01	2.191e-01
1.281e+01	9.700e-01	2.430e-01
1.284e+01	9.638e-01	2.667e-01
1.286e+01	9.569e-01	2.903e-01
1.289e+01	9.495e-01	3.137e-01
1.291e+01	9.415e-01	3.369e-01
1.293e+01	9.330e-01	3.599e-01
1.296e+01	9.239e-01	3.827e-01
1.298e+01	9.142e-01	4.052e-01
1.301e+01	9.040e-01	4.276e-01
1.303e+01	8.932e-01	4.496e-01
1.306e+01	8.819e-01	4.714e-01
1.308e+01	8.701e-01	4.929e-01
1.311e+01	8.577e-01	5.141e-01
1.313e+01	8.449e-01	5.350e-01
1.316e+01	8.315e-01	5.556e-01
1.318e+01	8.176e-01	5.758e-01
1.320e+01	8.032e-01	5.957e-01
1.323e+01	7.883e-01	6.152e-01
1.325e+01	7.730e-01	6.344e-01
1.328e+01	7.572e-01	6.532e-01
1.330e+01	7.410e-01	6.716e-01
1.333e+01	7.242e-01	6.895e-01
1.335e+01	7.071e-01	7.071e-01
1.338e+01	6.895e-01	7.242e-01
1.340e+01	6.716e-01	7.410e-01
1.343e+01	6.532e-01	7.572e-01
1.345e+01	6.344e-01	7.730e-01
1.347e+01	6.152e-01	7.883e-01
1.350e+01	5.957e-01	8.032e-01
1.352e+01	5.758e-01	8.176e-01
1.355e+01	5.556e-01	8.315e-01
1.357e+01	5.350e-01	8.449e-01
1.360e+01	5.141e-01	8.577e-01
1.362e+01	4.929e-01	8.701e-01
1.365e+01	4.714e-01	8.819e-01
1.367e+01	4.496e-01	8.932e-01
1.370e+01	4.276e-01	9.040e-01
1.372e+01	4.052e-01	9.142e-01
1.374e+01	3.827e-01	9.239e-01
1.377e+01	3.599e-01	9.330e-01
1.379e+01	3.369e-01	9.415e-01
1.382e+01	3.137e-01	9.495e-01
1.384e+01	2.903e-01	9.569e-01
1.387e+01	2.667e-01	9.638e-01
1.389e+01	2.430e-01	9.700e-01
1.392e+01	2.191e-01	9.757e-01
1.394e+01	1.951e-01	9.808e-01
1.397e+01	1.710e-01	9.853e-01
1.399e+01	1.467e-01	9.892e-01
1.401e+01	1.224e-01	9.925e-01
1.404e+01	9.802e-02	9.952e-01
1.406e+01	7.356e-02	9.973e-01
1.409e+01	4.907e-02	9.988e-01
1.411e+01	2.454e-02	9.997e-01
1.414e+01	-1.789e-13	1.000e+00
1.416e+01	-2.454e-02	9.997e-01
1.419e+01	-4.907e-02	9.988e-01
1.421e+01	-7.356e-02	9.973e-01
1.424e+01	-9.802e-02	9.952e-01
1.426e+01	-1.224e-01	9.925e-01
1.428e+01	-1.467e-01	9.892e-01
1.431e+01	-1.710e-01	9.853e-01
1.433e+01	-1.951e-01	9.808e-01
1.436e+01	-2.191e-01	9.757e-01
1.438e+01	-2.430e-01	9.700e-01
1.441e+01	-2.667e-01	9.638e-01
1.443e+01	-2.903e-01	9.569e-01
1.446e+01	-3.137e-01	9.495e-01
1.448e+01	-3.369e-01	9.415e-01
1.451e+01	-3.599e-01	9.330e-01
1.453e+01	-3.827e-01	9.239e-01
1.455e+01	-4.052e-01	9.142e-01
1.458e+01	-4.276e-01	9.040e-01
1.460e+01	-4.496e-01	8.932e-01
1.463e+01	-4.714e-01	8.819e-01
1.465e+01	-4.929e-01	8.701e-01
1.468e+01	-5.141e-01	8.577e-01
1.470e+01	-5.350e-01	8.449e-01
1.473e+01	-5.556e-01	8.315e-01
1.475e+01	-5.758e-01	8.176e-01
1.478e+01	-5.957e-01	8.032e-01
1.480e+01	-6.152e-01	7.883e-01
1.482e+01	-6.344e-01	7.730e-01
1.485e+01	-6.532e-01	7.572e-01
1.487e+01	-6.716e-01	7.410e-01
1.490e+01	-6.895e-01	7.242e-01
1.492e+01	-7.071e-01	7.071e-01
1.495e+01	-7.242e-01	6.895e-01
1.497e+01	-7.410e-01	6.716e-01
1.500e+01	-7.572e-01	6.532e-01
1.502e+01	-7.730e-01	6.344e-01
1.505e+01	-7.883e-01	6.152e-01
1.507e+01	-8.032e-01	5.957e-01
1.509e+01	-8.176e-01	5.758e-01
1.512e+01	-8.315e-01	5.556e-01
1.514e+01	-8.449e-01	5.350e-01
1.517e+01	-8.577e-01	5.141e-01
1.519e+01	-8.701e-01	4.929e-01
1.522e+01	-8.819e-01	4.714e-01
1.524e+01	-8.932e-01	4.496e-01
1.527e+01	-9.040e-01	4.276e-01
1.529e+01	-9.142e-01	4.052e-01
1.532e+01	-9.239e-01	3.827e-01
1.534e+01	-9.330e-01	3.599e-01
1.536e+01	-9.415e-01	3.369e-01
1.539e+01	-9.495e-01	3.137e-01
1.541e+01	-9.569e-01	2.903e-01
1.544e+01	-9.638e-01	2.667e-01
1.546e+01	-9.700e-01	2.430e-01
1.549e+01	-9.757e-01	2.191e-01
1.551e+01	-9.808e-01	1.951e-01
1.554e+01	-9.853e-01	1.710e-01
1.556e+01	-9.892e-01	1.467e-01
1.559e+01	-9.925e-01	1.224e-01
1.561e+01	-9.952e-01	9.802e-02
1.563e+01	-9.973e-01	7.356e-02
1.566e+01	-9.988e-01	4.907e-02
1.568e+01	-9.997e-01	2.454e-02
1.571e+01	-1.000e+00	-2.303e-13
1.573e+01	-9.997e-01	-2.454e-02
1.576e+01	-9.988e-01	-4.907e-02
1.578e+01	-9.973e-01	-7.356e-02
1.581e+01	-9.952e-01	-9.802e-02
1.583e+01	-9.925e-01	-1.224e-01
1.586e+01	-9.892e-01	-1.467e-01
1.588e+01	-9.853e-01	-1.710e-01
1.590e+01	-9.808e-01	-1.951e-01
1.593e+01	-9.757e-01	-2.191e-01
1.595e+01	-9.700e-01	-2.430e-01
1.598e+01	-9.638e-01	-2.667e-01
1.600e+01	-9.569e-01	-2.903e-01
1.603e+01	-9.495e-01	-3.137e-01
1.605e+01	-9.415e-01	-3.369e-01
1.608e+01	-9.330e-01	-3.599e-01
1.610e+01	-9.239e-01	-3.827e-01
1.613e+01	-9.142e-01	-4.052e-01
1.615e+01	-9.040e-01	-4.276e-01
1.617e+01	-8.932e-01	-4.496e-01
1.620e+01	-8.819e-01	-4.714e-01
1.622e+01	-8.701e-01	-4.929e-01
1.625e+01	-8.577e-01	-5.141e-01
1.627e+01	-8.449e-01	-5.350e-01
1.630e+01	-8.315e-01	-5.556e-01
1.632e+01	-8.176e-01	-5.758e-01
1.635e+01	-8.032e-01	-5.957e-01
1.637e+01	-7.883e-01	-6.152e-01
1.640e+01	-7.730e-01	-6.344e-01
1.642e+01	-7.572e-01	-6.532e-01
1.644e+01	-7.410e-01	-6.716e-01
1.647e+01	-7.242e-01	-6.895e-01
1.649e+01	-7.071e-01	-7.071e-01
1.652e+01	-6.895e-01	-7.242e-01
1.654e+01	-6.716e-01	-7.410e-01
1.657e+01	-6.532e-01	-7.572e-01
1.659e+01	-6.344e-01	-7.730e-01
1.662e+01	-6.152e-01	-7.883e-01
1.664e+01	-5.957e-01	-8.032e-01
1.667e+01	-5.758e-01	-8.176e-01
1.669e+01	-5.556e-01	-8.315e-01
1.671e+01	-5.350e-01	-8.449e-01
1.674e+01	-5.141e-01	-8.577e-01
1.676e+01	-4.929e-01	-8.701e-01
1.679e+01	-4.714e-01	-8.819e-01
1.681e+01	-4.496e-01	-8.932e-01
1.684e+01	-4.276e-01	-9.040e-01
1.686e+01	-4.052e-01	-9.142e-01
1.689e+01	-3.827e-01	-9.239e-01
1.691e+01	-3.599e-01	-9.330e-01
1.694e+01	-3.369e-01	-9.415e-01
1.696e+01	-3.137e-01	-9.495e-01
1.698e+01	-2.903e-01	-9.569e-01
1.701e+01	-2.667e-01	-9.638e-01
1.703e+01	-2.430e-01	-9.700e-01
1.706e+01	-2.191e-01	-9.757e-01
1.708e+01	-1.951e-01	-9.808e-01
1.711e+01	-1.710e-01	-9.853e-01
1.713e+01	-1.467e-01	-9.892e-01
1.716e+01	-1.224e-01	-9.925e-01
1.718e+01	-9.802e-02	-9.952e-01
1.721e+01	-7.356e-02	-9.973e-01
1.723e+01	-4.907e-02	-9.988e-01
1.725e+01	-2.454e-02	-9.997e-01
1.728e+01	1.894e-13	-1.000e+00
1.730e+01	2.454e-02	-9.997e-01
1.733e+01	4.907e-02	-9.988e-01
1.735e+01	7.356e-02	-9.973e-01
1.738e+01	9.802e-02	-9.952e-01
1.740e+01	1.224e-01	-9.925e-01
1.743e+01	1.467e-01	-9.892e-01
1.745e+01	1.710e-01	-9.853e-01
1.748e+01	1.951e-01	-9.808e-01
1.750e+01	2.191e-01	-9.757e-01
1.752e+01	2.430e-01	-9.700e-01
1.755e+01	2.667e-01	-9.638e-01
1.757e+01	2.903e-01	-9.569e-01
1.760e+01	3.137e-01	-9.495e-01
1.762e+01	3.369e-01	-9.415e-01
1.765e+01	3.599e-01	-9.330e-01
1.767e+01	3.827e-01	-9.239e-01
1.770e+01	4.052e-01	-9.142e-01
1.772e+01	4.276e-01	-9.040e-01
1.775e+01	4.496e-01	-8.932e-01
1.777e+01	4.714e-01	-8.819e-01
1.779e+01	4.929e-01	-8.701e-01
1.782e+01	5.141e-01	-8.577e-01
1.784e+01	5.350e-01	-8.449e-01
1.787e+01	5.556e-01	-8.315e-01
1.789e+01	5.758e-01	-8.176e-01
1.792e+01	5.957e-01	-8.032e-01
1.794e+01	6.152e-01	-7.883e-01
1.797e+01	6.344e-01	-7.730e-01
1.799e+01	6.532e-01	-7.572e-01
1.802e+01	6.716e-01	-7.410e-01
1.804e+01	6.895e-01	-7.242e-01
1.806e+01	7.071e-01	-7.071e-01
1.809e+01	7.242e-01	-6.895e-01
1.811e+01	7.410e-01	-6.716e-01
1.814e+01	7.572e-01	-6.532e-01
1.816e+01	7.730e-01	-6.344e-01
1.819e+01	7.883e-01	-6.152e-01
1.821e+01	8.032e-01	-5.957e-01
1.824e+01	8.176e-01	-5.758e-01
1.826e+01	8.315e-01	-5.556e-01
1.829e+01	8.449e-01	-5.350e-01
1.831e+01	8.577e-01	-5.141e-01
1.833e+01	8.701e-01	-4.929e-01
1.836e+01	8.819e-01	-4.714e-01
1.838e+01	8.932e-01	-4.496e-01
1.841e+01	9.040e-01	-4.276e-01
1.843e+01	9.142e-01	-4.052e-01
1.846e+01	9.239e-01	-3.827e-01
1.848e+01	9.330e-01	-3.599e-01
1.851e+01	9.415e-01	-3.369e-01
1.853e+01	9.495e-01	-3.137e-01
1.856e+01	9.569e-01	-2.903e-01
1.858e+01	9.638e-01	-2.667e-01
1.860e+01	9.700e-01	-2.430e-01
1.863e+01	9.757e-01	-2.191e-01
1.865e+01	9.808e-01	-1.951e-01
1.868e+01	9.853e-01	-1.710e-01
1.870e+01	9.892e-01	-1.467e-01
1.873e+01	9.925e-01	-1.224e-01
1.875e+01	9.952e-01	-9.802e-02
1.878e+01	9.973e-01	-7.356e-02
1.880e+01	9.988e-01	-4.907e-02
1.883e+01	9.997e-01	-2.454e-02
1.885e+01	1.000e+00	1.272e-13
1.887e+01	9.997e-01	2.454e-02
1.890e+01	9.988e-01	4.907e-02
1.892e+01	9.973e-01	7.356e-02
1.895e+01	9.952e-01	9.802e-02
1.897e+01	9.925e-01	1.224e-01
1.900e+01	9.892e-01	1.467e-01
1.902e+01	9.853e-01	1.710e-01
1.905e+01	9.808e-01	1.951e-01
1.907e+01	9.757e-01	2.191e-01
1.909e+01	9.700e-01	2.430e-01
1.912e+01	9.638e-01	2.667e-01
1.914e+01	9.569e-01	2.903e-01
1.917e+01	9.495e-01	3.137e-01
1.919e+01	9.415e-01	3.369e-01
1.922e+01	9.330e-01	3.599e-01
1.924e+01	9.239e-01	3.827e-01
1.927e+01	9.142e-01	4.052e-01
1.929e+01	9.040e-01	4.276e-01
1.932e+01	8.932e-01	4.496e-01
1.934e+01	8.819e-01	4.714e-01
1.936e+01	8.701e-01	4.929e-01
1.939e+01	8.577e-01	5.141e-01
1.941e+01	8.449e-01	5.350e-01
1.944e+01	8.315e-01	5.556e-01
1.946e+01	8.176e-01	5.758e-01
1.949e+01	8.032e-01	5.957e-01
1.951e+01	7.883e-01	6.152e-01
1.954e+01	7.730e-01	6.344e-01
1.956e+01	7.572e-01	6.532e-01
1.959e+01	7.410e-01	6.716e-01
1.961e+01	7.242e-01	6.895e-01
1.963e+01	7.071e-01	7.071e-01
1.966e+01	6.895e-01	7.242e-01
1.968e+01	6.716e-01	7.410e-01
1.971e+01	6.532e-01	7.572e-01
1.973e+01	6.344e-01	7.730e-01
1.976e+01	6.152e-01	7.883e-01
1.978e+01	5.957e-01	8.032e-01
1.981e+01	5.758e-01	8.176e-01
1.983e+01	5.556e-01	8.315e-01
1.986e+01	5.350e-01	8.449e-01
1.988e+01	5.141e-01	8.577e-01
1.990e+01	4.929e-01	8.701e-01
1.993e+01	4.714e-01	8.819e-01
1.995e+01	4.496e-01	8.932e-01
1.998e+01	4.276e-01	9.040e-01
2.000e+01	4.052e-01	9.142e-01
2.003e+01	3.827e-01	9.239e-01
2.005e+01	3.599e-01	9.330e-01
2.008e+01	3.369e-01	9.415e-01
2.010e+01	3.137e-01	9.495e-01
2.013e+01	2.903e-01	9.569e-01
2.015e+01	2.667e-01	9.638e-01
2.017e+01	2.430e-01	9.700e-01
2.020e+01	2.191e-01	9.757e-01
2.022e+01	1.951e-01	9.808e-01
2.025e+01	1.710e-01	9.853e-01
2.027e+01	1.467e-01	9.892e-01
2.030e+01	1.224e-01	9.925e-01
2.032e+01	9.802e-02	9.952e-01
2.035e+01	7.356e-02	9.973e-01
2.037e+01	4.907e-02	9.988e-01
2.040e+01	2.454e-02	9.997e-01
2.042e+01	-6.493e-14	1.000e+00
2.044e+01	-2.454e-02	9.997e-01
2.047e+01	-4.907e-02	9.988e-01
2.049e+01	-7.356e-02	9.973e-01
2.052e+01	-9.802e-02	9.952e-01
2.054e+01	-1.224e-01	9.925e-01
2.057e+01	-1.467e-01	9.892e-01
2.059e+01	-1.710e-01	9.853e-01
2.062e+01	-1.951e-01	9.808e-01
2.064e+01	-2.191e-01	9.757e-01
2.067e+01	-2.430e-01	9.700e-01
2.069e+01	-2.667e-01	9.638e-01
2.071e+01	-2.903e-01	9.569e-01
2.074e+01	-3.137e-01	9.495e-01
2.076e+01	-3.369e-01	9.415e-01
2.079e+01	-3.599e-01	9.330e-01
2.081e+01	-3.827e-01	9.239e-01
2.084e+01	-4.052e-01	9.142e-01
2.086e+01	-4.276e-01	9.040e-01
2.089e+01	-4.496e-01	8.932e-01
2.091e+01	-4.714e-01	8.819e-01
2.094e+01	-4.929e-01	8.701e-01
2.096e+01	-5.141e-01	8.577e-01
2.098e+01	-5.350e-01	8.449e-01
2.101e+01	-5.556e-01	8.315e-01
2.103e+01	-5.758e-01	8.176e-01
2.106e+01	-5.957e-01	8.032e-01
2.108e+01	-6.152e-01	7.883e-01
2.111e+01	-6.344e-01	7.730e-01
2.113e+01	-6.532e-01	7.572e-01
2.116e+01	-6.716e-01	7.410e-01
2.118e+01	-6.895e-01	7.242e-01
2.121e+01	-7.071e-01	7.071e-01
2.123e+01	-7.242e-01	6.895e-01
2.125e+01	-7.410e-01	6.716e-01
2.128e+01	-7.572e-01	6.532e-01
2.130e+01	-7.730e-01	6.344e-01
2.133e+01	-7.883e-01	6.152e-01
2.135e+01	-8.032e-01	5.957e-01
2.138e+01	-8.176e-01	5.758e-01
2.140e+01	-8.315e-01	5.556e-01
2.143e+01	-8.449e-01	5.350e-01
2.145e+01	-8.577e-01	5.141e-01
2.148e+01	-8.701e-01	4.929e-01
2.150e+01	-8.819e-01	4.714e-01
2.152e+01	-8.932e-01	4.496e-01
2.155e+01	-9.040e-01	4.276e-01
2.157e+01	-9.142e-01	4.052e-01
2.160e+01	-9.239e-01	3.827e-01
2.162e+01	-9.330e-01	3.599e-01
2.165e+01	-9.415e-01	3.369e-01
2.167e+01	-9.495e-01	3.137e-01
2.170e+01	-9.569e-01	2.903e-01
2.172e+01	-9.638e-01	2.667e-01
2.175e+01	-9.700e-01	2.430e-01
2.177e+01	-9.757e-01	2.191e-01
2.179e+01	-9.808e-01	1.951e-01
2.182e+01	-9.853e-01	1.710e-01
2.184e+01	-9.892e-01	1.467e-01
2.187e+01	-9.925e-01	1.224e-01
2.189e+01	-9.952e-01	9.802e-02
2.192e+01	-9.973e-01	7.356e-02
2.194e+01	-9.988e-01	4.907e-02
2.197e+01	-9.997e-01	2.454e-02
2.199e+01	-1.000e+00	-2.695e-15
2.202e+01	-9.997e-01	-2.454e-02
2.204e+01	-9.988e-01	-4.907e-02
2.206e+01	-9.973e-01	-7.356e-02
2.209e+01	-9.952e-01	-9.802e-02
2.211e+01	-9.925e-01	-1.224e-01
2.214e+01	-9.892e-01	-1.467e-01
2.216e+01	-9.853e-01	-1.710e-01
2.219e+01	-9.808e-01	-1.951e-01
2.221e+01	-9.757e-01	-2.191e-01
2.224e+01	-9.700e-01	-2.430e-01
2.226e+01	-9.638e-01	-2.667e-01
2.229e+01	-9.569e-01	-2.903e-01
2.231e+01	-9.495e-01	-3.137e-01
2.233e+01	-9.415e-01	-3.369e-01
2.236e+01	-9.330e-01	-3.599e-01
2.238e+01	-9.239e-01	-3.827e-01
2.241e+01	-9.142e-01	-4.052e-01
2.243e+01	-9.040e-01	-4.276e-01
2.246e+01	-8.932e-01	-4.496e-01
2.248e+01	-8.819e-01	-4.714e-01
2.251e+01	-8.701e-01	-4.929e-01
2.253e+01	-8.577e-01	-5.141e-01
2.256e+01	-8.449e-01	-5.350e-01
2.258e+01	-8.315e-01	-5.556e-01
2.260e+01	-8.176e-01	-5.758e-01
2.263e+01	-8.032e-01	-5.957e-01
2.265e+01	-7.883e-01	-6.152e-01
2.268e+01	-7.730e-01	-6.344e-01
2.270e+01	-7.572e-01	-6.532e-01
2.273e+01	-7.410e-01	-6.716e-01
2.275e+01	-7.242e-01	-6.895e-01
2.278e+01	-7.071e-01	-7.071e-01
2.280e+01	-6.895e-01	-7.242e-01
2.283e+01	-6.716e-01	-7.410e-01
2.285e+01	-6.532e-01	-7.572e-01
2.287e+01	-6.344e-01	-7.730e-01
2.290e+01	-6.152e-01	-7.883e-01
2.292e+01	-5.957e-01	-8.032e-01
2.295e+01	-5.758e-01	-8.176e-01
2.297e+01	-5.556e-01	-8.315e-01
2.300e+01	-5.350e-01	-8.449e-01
2.302e+01	-5.141e-01	-8.577e-01
2.305e+01	-4.929e-01	-8.701e-01
2.307e+01	-4.714e-01	-8.819e-01
2.310e+01	-4.496e-01	-8.932e-01
2.312e+01	-4.276e-01	-9.040e-01
2.314e+01	-4.052e-01	-9.142e-01
2.317e+01	-3.827e-01	-9.239e-01
2.319e+01	-3.599e-01	-9.330e-01
2.322e+01	-3.369e-01	-9.415e-01
2.324e+01	-3.137e-01	-9.495e-01
2.327e+01	-2.903e-01	-9.569e-01
2.329e+01	-2.667e-01	-9.638e-01
2.332e+01	-2.430e-01	-9.700e-01
2.334e+01	-2.191e-01	-9.757e-01
2.337e+01	-1.951e-01	-9.808e-01
2.339e+01	-1.710e-01	-9.853e-01
2.341e+01	-1.467e-01	-9.892e-01
2.344e+01	-1.224e-01	-9.925e-01
2.346e+01	-9.802e-02	-9.952e-01
2.349e+01	-7.356e-02	-9.973e-01
2.351e+01	-4.907e-02	-9.988e-01
2.354e+01	-2.454e-02	-9.997e-01
2.356e+01	-5.954e-14	-1.000e+00
2.359e+01	2.454e-02	-9.997e-01
2.361e+01	4.907e-02	-9.988e-01
2.364e+01	7.356e-02	-9.973e-01
2.366e+01	9.802e-02	-9.952e-01
2.368e+01	1.224e-01	-9.925e-01
2.371e+01	1.467e-01	-9.892e-01
2.373e+01	1.710e-01	-9.853e-01
2.376e+01	1.951e-01	-9.808e-01
2.378e+01	2.191e-01	-9.757e-01
2.381e+01	2.430e-01	-9.700e-01
2.383e+01	2.667e-01	-9.638e-01
2.386e+01	2.903e-01	-9.569e-01
2.388e+01	3.137e-01	-9.495e-01
2.391e+01	3.369e-01	-9.415e-01
2.393e+01	3.599e-01	-9.330e-01
2.395e+01	3.827e-01	-9.239e-01
2.398e+01	4.052e-01	-9.142e-01
2.400e+01	4.276e-01	-9.040e-01
2.403e+01	4.496e-01	-8.932e-01
2.405e+01	4.714e-01	-8.819e-01
2.408e+01	4.929e-01	-8.701e-01
2.410e+01	5.141e-01	-8.577e-01
2.413e+01	5.350e-01	-8.449e-01
2.415e+01	5.556e-01	-8.315e-01
2.418e+01	5.758e-01	-8.176e-01
2.420e+01	5.957e-01	-8.032e-01
2.422e+01	6.152e-01	-7.883e-01
2.425e+01	6.344e-01	-7.730e-01
2.427e+01	6.532e-01	-7.572e-01
2.430e+01	6.716e-01	-7.410e-01
2.432e+01	6.895e-01	-7.242e-01
2.435e+01	7.071e-01	-7.071e-01
2.437e+01	7.242e-01	-6.895e-01
2.440e+01	7.410e-01	-6.716e-01
2.442e+01	7.572e-01	-6.532e-01
2.445e+01	7.730e-01	-6.344e-01
2.447e+01	7.883e-01	-6.152e-01
2.449e+01	8.032e-01	-5.957e-01
2.452e+01	8.176e-01	-5.758e-01
2.454e+01	8.315e-01	-5.556e-01
2.457e+01	8.449e-01	-5.350e-01
2.459e+01	8.577e-01	-5.141e-01
2.462e+01	8.701e-01	-4.929e-01
2.464e+01	8.819e-01	-4.714e-01
2.467e+01	8.932e-01	-4.496e-01
2.469e+01	9.040e-01	-4.276e-01
2.472e+01	9.142e-01	-4.052e-01
2.474e+01	9.239e-01	-3.827e-01
2.476e+01	9.330e-01	-3.599e-01
2.479e+01	9.415e-01	-3.369e-01
2.481e+01	9.495e-01	-3.137e-01
2.484e+01	9.569e-01	-2.903e-01
2.486e+01	9.638e-01	-2.667e-01
2.489e+01	9.700e-01	-2.430e-01
2.491e+01	9.757e-01	-2.191e-01
2.494e+01	9.808e-01	-1.951e-01
2.496e+01	9.853e-01	-1.710e-01
2.499e+01	9.892e-01	-1.467e-01
2.501e+01	9.925e-01	-1.224e-01
2.503e+01	9.952e-01	-9.802e-02
2.506e+01	9.973e-01	-7.356e-02
2.508e+01	9.988e-01	-4.907e-02
2.511e+01	9.997e-01	-2.454e-02
2.513e+01	1.000e+00	-1.218e-13
